0 0.181771 0.301389 0.063542 0.058333
1 0.181901 0.545370 0.066927 0.050926
2 0.181250 0.786343 0.067187 0.043981
3 0.817708 0.304630 0.065104 0.050000
4 0.818229 0.547454 0.065104 0.046759
5 0.817057 0.787963 0.065885 0.049074
6 0.355599 0.250000 0.021615 0.030556
7 0.352214 0.294444 0.015365 0.027778
8 0.352604 0.341667 0.016667 0.029630
9 0.357422 0.383565 0.025260 0.037500
10 0.357552 0.432407 0.023958 0.031481
11 0.356380 0.478009 0.023177 0.031019
12 0.354818 0.522454 0.020052 0.033796
13 0.356510 0.569907 0.021875 0.032407
14 0.356380 0.612500 0.021094 0.029630
15 0.357422 0.659028 0.022135 0.032870
16 0.357161 0.704861 0.021615 0.036574
17 0.356901 0.751389 0.023177 0.035185
18 0.356120 0.795602 0.022656 0.035648
19 0.357376 0.840972 0.025168 0.032870
20 0.357497 0.886111 0.025932 0.036111
21 0.644141 0.249074 0.023177 0.039815
22 0.643620 0.297454 0.023177 0.041204
23 0.644271 0.340046 0.020313 0.029167
24 0.642578 0.385880 0.025260 0.043981
25 0.642448 0.431713 0.025000 0.043056
26 0.644141 0.475694 0.022135 0.043056
27 0.643359 0.521065 0.021615 0.043981
28 0.643359 0.565972 0.023698 0.042130
29 0.643750 0.610648 0.022396 0.038889
30 0.646224 0.655324 0.019010 0.038426
31 0.645703 0.703009 0.020052 0.043981
32 0.643620 0.747917 0.021094 0.043981
33 0.645182 0.792593 0.019010 0.043519
34 0.644010 0.840509 0.021875 0.044907
35 0.644661 0.890278 0.021094 0.047222
36 0.497656 0.119213 0.063021 0.044907
37 0.465495 0.068056 0.042969 0.080556
38 0.528385 0.068056 0.044792 0.078704
39 0.335156 0.074769 0.160417 0.078241
40 0.662240 0.071296 0.139063 0.074074
41 0.183972 0.397849 0.159274 0.035842