0 0.183216 0.398746 0.146673 0.044803
1 0.182460 0.302419 0.059476 0.068996
3 0.360131 0.276434 0.029738 0.034946
9 0.359879 0.314516 0.030242 0.037634
5 0.360635 0.350358 0.030746 0.037634
7 0.360887 0.389337 0.030242 0.038530
11 0.360887 0.426075 0.030242 0.033154
13 0.361139 0.461022 0.029738 0.036738
15 0.360635 0.499104 0.030746 0.037634
17 0.360383 0.535394 0.032258 0.033154
19 0.361139 0.572581 0.030746 0.035842
21 0.361139 0.609767 0.032762 0.038530
23 0.361895 0.645609 0.031250 0.031362
25 0.361391 0.684588 0.030242 0.039427
27 0.361139 0.758065 0.032762 0.032258
29 0.361643 0.793907 0.033770 0.034050
31 0.361643 0.832437 0.031754 0.039427
33 0.361643 0.869624 0.032762 0.034946
2 0.817792 0.303315 0.058972 0.068996
4 0.642893 0.275538 0.023690 0.040323
10 0.643145 0.314516 0.022177 0.028674
6 0.643145 0.351703 0.021169 0.036738
8 0.643397 0.390233 0.022681 0.034946
12 0.643145 0.425179 0.023185 0.034946
14 0.643145 0.461022 0.024194 0.034946
16 0.642893 0.499104 0.022681 0.037634
18 0.643397 0.536290 0.022681 0.034946
20 0.643397 0.574821 0.022681 0.036738
22 0.643145 0.612455 0.022177 0.033154
24 0.642893 0.646505 0.022681 0.031362
26 0.643901 0.682348 0.022681 0.036738
28 0.643649 0.755376 0.022177 0.037634
30 0.643649 0.793907 0.021169 0.037634
32 0.643145 0.831989 0.021169 0.036738
34 0.641885 0.870968 0.025706 0.034050