0 0.355078 0.521528 0.019531 0.031944
1 0.355078 0.275231 0.021094 0.032870
2 0.355729 0.309028 0.022396 0.034722
3 0.356771 0.343981 0.023438 0.035185
4 0.357292 0.384028 0.023958 0.047685
5 0.356250 0.446065 0.025521 0.041204
6 0.396745 0.447222 0.025781 0.038889
7 0.355859 0.487731 0.024219 0.030093
8 0.395833 0.486574 0.023958 0.029630
9 0.396745 0.522685 0.025260 0.033333
10 0.356771 0.555324 0.021875 0.032870
11 0.397266 0.557407 0.025781 0.029630
12 0.356380 0.590046 0.022656 0.034722
13 0.397917 0.590972 0.028125 0.034722
14 0.356641 0.626620 0.022656 0.033796
15 0.398307 0.625694 0.028906 0.033796
16 0.357031 0.666204 0.022396 0.033333
17 0.398047 0.666204 0.028385 0.035185
18 0.355990 0.729861 0.023958 0.034722
19 0.396615 0.730093 0.024479 0.037037
20 0.356510 0.771991 0.023958 0.036574
21 0.397396 0.773148 0.024479 0.038889
22 0.354687 0.834491 0.026042 0.039352
23 0.397396 0.834491 0.025521 0.039352
24 0.354818 0.876620 0.028906 0.035648
25 0.397526 0.875694 0.026823 0.035648
26 0.642708 0.274769 0.023958 0.031019
27 0.643490 0.311574 0.025000 0.029630
28 0.642448 0.346528 0.025000 0.027315
29 0.642578 0.383565 0.025781 0.035648
30 0.604688 0.449306 0.023958 0.034722
31 0.643490 0.448843 0.022917 0.031944
32 0.643490 0.487037 0.023438 0.028704
33 0.604948 0.487500 0.023958 0.027778
34 0.643099 0.521991 0.024740 0.030093
35 0.605469 0.521065 0.023438 0.028241
36 0.643099 0.558333 0.023177 0.030556
37 0.606120 0.557639 0.022135 0.029167
38 0.605990 0.592824 0.022396 0.028241
39 0.643750 0.593750 0.023438 0.027315
40 0.643750 0.626620 0.023438 0.027315
41 0.605859 0.627546 0.021615 0.028241
42 0.606380 0.666667 0.021094 0.034259
43 0.644010 0.665741 0.022396 0.034259
44 0.606120 0.729630 0.019531 0.035185
45 0.644141 0.728704 0.022656 0.040741
46 0.643490 0.772454 0.020833 0.039352
47 0.606510 0.772917 0.019271 0.038426
48 0.644010 0.835880 0.020313 0.034722
49 0.606120 0.834491 0.020052 0.038426
50 0.644531 0.874537 0.020313 0.031481
51 0.606641 0.874537 0.019010 0.032407
52 0.181200 0.397849 0.115423 0.046595