0 0.180696 0.398746 0.107359 0.037634
1 0.361643 0.273297 0.032762 0.037634
3 0.362147 0.309588 0.030746 0.033154
5 0.362147 0.344534 0.031754 0.036738
7 0.362147 0.379928 0.030746 0.034050
9 0.359879 0.415323 0.030242 0.036738
11 0.361139 0.483871 0.030746 0.034050
13 0.361139 0.521057 0.030746 0.031362
15 0.360887 0.556452 0.030242 0.032258
17 0.360887 0.590950 0.030242 0.031362
19 0.359879 0.626344 0.028226 0.032258
21 0.359123 0.666667 0.029738 0.044803
23 0.359627 0.728495 0.029738 0.041219
25 0.360383 0.767921 0.029234 0.034050
27 0.360887 0.801075 0.031250 0.037634
29 0.360887 0.838710 0.030242 0.034050
31 0.360131 0.874552 0.030746 0.039427
2 0.641381 0.275090 0.024698 0.034050
4 0.641381 0.312276 0.026714 0.034946
6 0.640625 0.345878 0.026210 0.028674
8 0.640625 0.378584 0.026210 0.036738
10 0.640373 0.418459 0.026714 0.037634
12 0.643145 0.486559 0.023185 0.034050
14 0.642137 0.520161 0.023185 0.029570
16 0.642137 0.554659 0.023185 0.035842
18 0.641885 0.590950 0.024698 0.031362
20 0.642137 0.624104 0.025202 0.036738
22 0.641381 0.665323 0.026714 0.040323
24 0.642389 0.733871 0.023690 0.028674
26 0.642641 0.766577 0.024194 0.036738
28 0.642893 0.803315 0.023690 0.034946
30 0.643145 0.837814 0.023185 0.032258
32 0.642641 0.875448 0.022177 0.035842